wl	GaAs
650.137	360.353
650.35	357.949
650.562	361.596
650.774	357.952
650.987	361.631
651.199	366.358
651.411	365.713
651.623	359.904
651.836	363.694
652.048	361.295
652.26	356.948
652.473	361.054
652.685	357.622
652.897	367.046
653.109	362.562
653.322	360.192
653.534	366.44
653.746	361.364
653.958	361.878
654.171	365.415
654.383	360.544
654.413	364.062
654.626	365.151
654.838	363.304
655.051	371.956
655.264	361.513
655.476	360.167
655.689	357.274
655.901	365.563
656.114	360.294
656.327	364.588
656.539	366.75
656.752	364.082
656.965	364.999
657.177	368.968
657.39	360.877
657.603	361.228
657.815	362.615
658.028	366.422
658.24	360.131
658.453	359.858
658.666	362.458
658.878	362.623
659.091	361.905
659.303	357.864
659.516	360.759
659.729	360.059
659.941	360.462
660.154	358
660.366	360.919
660.579	365.908
660.792	367.78
661.004	369.569
661.217	364.518
661.429	367.326
661.642	361.836
661.854	364.036
662.067	363.267
662.28	363.5
662.492	363.95
662.705	360.22
662.917	361.741
663.13	362.466
663.342	366.617
663.555	358.381
663.768	361.535
663.98	361.201
664.193	363.421
664.405	365.048
664.618	362.988
664.83	362.174
665.043	365.627
665.255	366.072
665.468	363.939
665.68	359.248
665.893	360.668
666.105	365.389
666.318	364.756
666.53	364.192
666.743	366.3
666.955	360.284
667.168	363.471
667.38	362.584
667.593	364.438
667.805	363.692
668.018	366.259
668.23	364.22
668.443	357.297
668.655	364.628
668.868	356.603
669.08	369.64
669.293	358.799
669.505	366.157
669.718	364.555
669.93	368.962
670.142	364.996
670.355	367.055
670.567	363.634
670.78	361.916
670.992	363.788
671.205	365.098
671.417	365.715
671.63	365.406
671.842	362.842
672.054	356.798
672.267	360.325
672.479	364.323
672.692	363.948
672.904	359.812
673.117	362.667
673.329	360.014
673.541	364.474
673.754	356.831
673.966	365.425
674.179	364.371
674.391	370.356
674.603	361.657
674.816	360.106
675.028	367.498
675.241	364.046
675.453	369.149
675.665	366.731
675.878	365.393
676.09	367.323
676.302	361.104
676.515	360.949
676.727	360.968
676.939	362.172
677.152	363.594
677.364	360.345
677.577	366.953
677.789	366.05
678.001	370.18
678.214	364.639
678.426	359.457
678.638	366.335
678.851	364.821
679.063	369.189
679.275	358.142
679.488	365.917
679.7	362.704
679.912	361.251
680.125	364.827
680.337	365.427
680.549	364.446
680.761	364.368
680.974	366.124
681.186	363.67
681.398	367.431
681.611	365.244
681.823	358.551
682.035	363.053
682.247	370.076
682.46	359.171
682.672	364.301
682.884	363.731
683.097	370.768
683.309	360.791
683.521	365.22
683.733	365.592
683.946	364.739
684.158	361.447
684.37	363.39
684.582	369
684.795	365.128
685.007	367.124
685.219	363.688
685.431	367.878
685.644	364.35
685.856	361.491
686.068	370.062
686.28	359.608
686.492	361.59
686.705	360.981
686.917	367.232
687.129	362.437
687.341	358.23
687.553	359.85
687.766	362.174
687.978	365.193
688.19	363.724
688.402	363.689
688.614	363.204
688.827	361.456
689.039	357.151
689.251	354.487
689.463	363.813
689.675	365.625
689.888	366.759
690.1	364.548
690.312	360.888
690.524	363.143
690.736	359.782
690.948	359.777
691.16	359.707
691.373	361.604
691.585	364.583
691.797	364.4
692.009	361.953
692.221	360.748
692.433	362.689
692.645	355.088
692.857	359.925
693.07	364.124
693.282	359.324
693.494	355.098
693.706	362.964
693.918	363.643
694.13	370.41
694.342	365.905
694.554	364.25
694.766	363.099
694.979	366.769
695.191	372.407
695.403	366.795
695.615	363.738
695.827	366.013
696.039	361.143
696.251	358.65
696.463	366.408
696.675	361.348
696.887	361.188
697.099	363.366
697.311	354.959
697.523	358.338
697.735	363.262
697.947	361.842
698.159	361.195
698.371	358.065
698.583	362.447
698.796	362.232
699.008	360.923
699.22	361.886
699.432	362.945
699.644	358.235
699.856	365.562
700.068	360.588
700.28	360.122
700.492	365.442
700.704	360.977
700.916	364.696
701.128	361.603
701.34	367.334
701.552	367.141
701.764	364.732
701.976	359.945
702.188	366.014
702.4	364.213
702.612	366.777
702.823	355.594
703.035	361.557
703.247	363.321
703.459	360.232
703.671	365.092
703.883	366.306
704.095	364.913
704.307	364.667
704.519	360.344
704.731	360.328
704.943	355.68
705.155	361.734
705.367	364.963
705.579	364.03
705.791	354.564
706.003	357.55
706.214	362.914
706.426	364.685
706.638	367.029
706.85	363.007
707.062	362.973
707.274	360.472
707.486	357.268
707.698	361.798
707.91	357.04
708.122	363.791
708.333	364.657
708.545	369.332
708.757	363.524
708.922	355.754
709.134	366.423
709.347	360.232
709.559	364.718
709.771	367.143
709.983	362.859
710.196	358.314
710.408	358.289
710.62	351.402
710.833	361.652
711.045	361.317
711.257	362.566
711.469	357.075
711.682	363.506
711.894	366.009
712.106	360.333
712.318	364.495
712.531	356.149
712.743	356.816
712.955	361.234
713.167	363.936
713.38	363.591
713.592	362.674
713.804	361.919
714.016	359.63
714.229	366.966
714.441	355.704
714.653	365.111
714.865	363.79
715.078	365.71
715.29	360.972
715.502	357.352
715.714	358.631
715.926	365.245
716.139	357.43
716.351	358.641
716.563	363.615
716.775	359.756
716.987	361.977
717.2	360.529
717.412	366.108
717.624	362.248
717.836	363.911
718.048	363.798
718.261	356.258
718.473	361.744
718.685	366.394
718.897	363.82
719.109	363.862
719.321	363.759
719.534	363.921
719.746	360.194
719.958	359.383
720.17	367.661
720.382	366.644
720.594	357.213
720.806	358.82
721.019	356.988
721.231	362.241
721.443	362.428
721.655	355.102
721.867	362.833
722.079	361.612
722.291	365.448
722.503	357.982
722.716	368.992
722.928	360.179
723.14	362.054
723.352	361.44
723.564	361.881
723.776	366.674
723.988	366.968
724.2	364.179
724.412	366.221
724.625	364.532
724.837	366.317
725.049	364.651
725.261	369.455
725.473	362.73
725.685	362.443
725.897	367.483
726.109	363.446
726.321	365.875
726.533	366.305
726.745	361.118
726.957	364.682
727.169	361.612
727.381	360.581
727.593	362.418
727.805	363.792
728.017	363.942
728.229	367.891
728.442	362.753
728.654	363.992
728.865	370.213
729.078	362.379
729.29	361.76
729.502	367.432
729.714	362.578
729.926	363.598
730.138	367.314
730.35	367.911
730.562	362.349
730.774	364.783
730.986	369.045
731.198	367.976
731.41	365.361
731.622	366.965
731.833	362.827
732.046	368.169
732.257	362.514
732.469	360.793
732.681	368.583
732.893	366.837
733.105	367.61
733.317	364.235
733.529	366.125
733.741	366.399
733.953	365.785
734.165	367.298
734.377	362.998
734.589	368.362
734.801	370.254
735.013	361.303
735.225	370.11
735.437	368.978
735.649	368.549
735.861	362.751
736.072	365.578
736.284	360.919
736.496	367.208
736.708	371.431
736.92	370.479
737.132	366.822
737.344	367.454
737.556	365.044
737.768	368.736
737.979	368.998
738.191	367.503
738.403	375.832
738.615	364.79
738.827	363.871
739.039	359.911
739.251	370.273
739.463	365.684
739.674	365.991
739.886	373.903
740.098	364.58
740.31	362.05
740.522	366.562
740.734	369.486
740.946	365.595
741.157	371.218
741.369	364.605
741.581	374.997
741.793	367.181
742.005	367.889
742.217	369.36
742.428	368.228
742.64	374.456
742.852	373.685
743.064	371.211
743.276	372.568
743.487	375.491
743.699	369.92
743.911	373.117
744.123	371.232
744.335	371.559
744.546	373.565
744.758	374.798
744.97	371.623
745.182	374.888
745.393	370.119
745.605	375.824
745.817	373.434
746.029	374.368
746.24	370.694
746.452	379.387
746.664	372.853
746.876	379.235
747.088	375.015
747.299	374.436
747.511	367.51
747.723	369.37
747.934	366.758
748.146	376.141
748.358	373.212
748.57	377.397
748.781	371.209
748.993	373.44
749.205	379.876
749.416	380.988
749.628	371.949
749.84	376.837
750.052	377.376
750.263	377.516
750.475	372.429
750.687	377.143
750.898	373.199
751.11	377.021
751.322	373.071
751.533	377.414
751.745	374.712
751.957	387.909
752.168	375.481
752.38	377.324
752.592	381.261
752.803	382.71
753.015	377.53
753.227	375.903
753.438	375.828
753.65	381.973
753.861	374.283
754.073	383.54
754.285	379.234
754.496	384.172
754.708	382.827
754.92	383.686
755.131	382.674
755.343	383.172
755.554	380.136
755.766	381.018
755.978	386.242
756.189	388.764
756.401	391.68
756.612	393.125
756.824	388.95
757.036	380.474
757.247	389.472
757.459	378.156
757.67	390.464
757.882	388.242
758.093	383.894
758.305	389.179
758.516	380.991
758.728	378.667
758.94	385.646
759.151	382.668
759.363	397.206
759.574	382.035
759.786	387.53
759.997	387.538
760.209	387.815
760.42	390.959
760.632	394.021
760.843	388.144
761.055	387.064
761.266	396.83
761.478	379.774
761.689	404.697
761.901	393.112
762.112	397.442
762.324	382.376
762.535	397.087
762.747	396.148
762.958	399.374
763.006	396.081
763.218	395.752
763.43	404.685
763.642	403.938
763.854	392.384
764.066	401.155
764.278	395.457
764.49	394.6
764.702	401.412
764.914	398.418
765.126	406.337
765.337	392.001
765.549	406.222
765.761	398.138
765.973	400.855
766.185	404.352
766.397	396.836
766.609	402.78
766.821	402.108
767.033	404.724
767.245	406.037
767.456	409.947
767.668	413.14
767.88	417.959
768.092	399.712
768.304	410.236
768.516	404.299
768.728	411.631
768.939	412.316
769.151	415.539
769.363	411.819
769.575	414.995
769.787	406.091
769.999	414.441
770.21	418.886
770.422	423.089
770.634	414.96
770.846	418.348
771.058	415.806
771.27	420.637
771.481	422.274
771.693	420.541
771.905	423.983
772.117	422.434
772.329	430.078
772.54	419.447
772.752	422.66
772.964	423.599
773.176	428.617
773.388	437.44
773.599	423.825
773.811	430.548
774.023	426.006
774.235	425.552
774.446	434.105
774.658	434.767
774.87	441.416
775.082	441.262
775.293	438.366
775.505	442.97
775.717	441.369
775.929	437.236
776.141	447.837
776.352	445.27
776.564	446.581
776.776	450.419
776.987	449.108
777.199	442.438
777.411	448.276
777.623	451.271
777.834	459.604
778.046	455.786
778.258	457.8
778.469	455.068
778.681	456.61
778.893	455.187
779.105	458.486
779.316	459.232
779.528	457.965
779.74	453.361
779.951	466.236
780.163	466.522
780.375	465.221
780.586	470.987
780.798	472.132
781.01	472.057
781.221	471.855
781.433	477.725
781.645	473.653
781.856	476.91
782.068	474.445
782.28	485.787
782.491	485.387
782.703	477.356
782.915	484.524
783.126	501.427
783.338	493.538
783.55	498.771
783.761	500.007
783.973	496.794
784.184	500.501
784.396	510.922
784.608	506.459
784.819	503.325
785.031	521.598
785.243	511.011
785.454	514.706
785.666	515.238
785.877	518.587
786.089	517.27
786.301	515.191
786.512	533.236
786.724	527.813
786.935	532.058
787.147	538.417
787.358	531.457
787.57	531.947
787.781	547.282
787.993	537.391
788.205	540.823
788.416	550.999
788.628	549.506
788.839	552.304
789.051	547.009
789.262	552.609
789.474	553.89
789.686	565.181
789.897	561.997
790.109	560.714
790.32	566.736
790.532	581.596
790.743	572.893
790.955	573.772
791.166	580.638
791.378	580.75
791.589	589.154
791.801	591.442
792.012	597.145
792.224	596.683
792.435	595.063
792.647	597.049
792.858	595.309
793.07	598.823
793.281	612.9
793.493	618.848
793.704	619.738
793.916	618.477
794.127	622.276
794.338	625.492
794.55	628.173
794.761	632.56
794.973	633.734
795.184	648.242
795.396	649.406
795.607	648.07
795.819	659.45
796.03	668.242
796.241	673.186
796.453	668.373
796.664	679.196
796.876	683.016
797.087	681.784
797.299	681.439
797.51	697.06
797.721	689.453
797.933	697.25
798.144	710.394
798.356	702.626
798.567	715.01
798.778	716.602
798.99	719.645
799.201	720.11
799.413	725.277
799.624	733.198
799.835	728.217
800.047	738.103
800.258	734.193
800.469	762.757
800.681	750.304
800.892	777.912
801.103	763.696
801.315	778.182
801.526	783.578
801.737	778.763
801.949	794.262
802.16	797.341
802.371	813.244
802.583	822.417
802.794	825.922
803.005	824.027
803.217	833.232
803.428	843.012
803.639	846.97
803.851	844.065
804.062	868.76
804.273	872.348
804.485	875.131
804.696	877.584
804.907	896.14
805.119	868.813
805.33	893.712
805.541	915.157
805.752	903.31
805.964	928.341
806.175	931.559
806.386	945.002
806.597	940.193
806.809	942.264
807.02	956.103
807.231	953.105
807.442	972.6
807.654	998.254
807.865	987.977
808.076	995.226
808.287	983.937
808.499	1017.87
808.71	1028.38
808.921	1030.64
809.132	1013.67
809.343	1055.56
809.555	1077.53
809.766	1048.23
809.977	1105.2
810.188	1099.06
810.399	1109
810.611	1100.17
810.822	1102.98
811.033	1140.61
811.244	1136.8
811.455	1146.28
811.667	1173.15
811.878	1174.84
812.089	1201.7
812.3	1186.99
812.511	1203.68
812.722	1208.75
812.934	1209
813.145	1225.05
813.356	1248.6
813.567	1261.93
813.778	1285.7
813.989	1259.8
814.2	1309.11
814.411	1302.3
814.623	1323.31
814.834	1313.45
815.045	1333.43
815.256	1363.07
815.467	1364.03
815.678	1375.29
815.889	1381.51
816.1	1387.01
816.312	1401.44
816.523	1421.6
816.734	1401.88
816.945	1427.05
817.156	1448.13
817.158	1456.3
817.369	1491.44
817.581	1498.54
817.792	1512.42
818.004	1527.2
818.215	1543.33
818.427	1576.46
818.639	1569.57
818.85	1581.19
819.062	1607.85
819.273	1612.5
819.485	1625.2
819.696	1684.52
819.908	1638.96
820.119	1682.18
820.331	1726.04
820.542	1727.77
820.754	1754.09
820.965	1764.46
821.177	1768.29
821.388	1792.89
821.6	1821.99
821.811	1837.23
822.023	1876.52
822.234	1856.75
822.445	1884.76
822.657	1913.72
822.868	1926.96
823.08	1942.23
823.291	1977.93
823.503	2008.08
823.714	2023.45
823.926	2015.16
824.137	2070.45
824.349	2088.81
824.56	2118.25
824.771	2098.04
824.983	2120.96
825.194	2156.04
825.406	2158.28
825.617	2185.22
825.829	2234.95
826.04	2252.07
826.251	2257.16
826.463	2281.88
826.674	2291.29
826.886	2320.28
827.097	2328.4
827.308	2343.97
827.52	2403.39
827.731	2430.69
827.943	2452.81
828.154	2458.62
828.365	2480.74
828.577	2505.76
828.788	2561.15
829	2560.36
829.211	2587.13
829.422	2615.67
829.634	2647.94
829.845	2674.77
830.056	2706.7
830.268	2730.03
830.479	2769.27
830.69	2818.62
830.902	2830.76
831.113	2901.18
831.324	2908.65
831.536	2956.13
831.747	3005.13
831.958	3049.52
832.17	3076.19
832.381	3104.42
832.592	3127.27
832.804	3184.95
833.015	3233.64
833.226	3292.55
833.438	3342.2
833.649	3364.76
833.86	3407.28
834.071	3460.43
834.283	3471.02
834.494	3487.65
834.705	3607.57
834.917	3642.51
835.128	3677.97
835.339	3710.88
835.55	3776.69
835.762	3822.84
835.973	3833.85
836.184	3900.24
836.395	3896.02
836.607	3977.36
836.818	3990.88
837.029	4060.11
837.24	4112.46
837.452	4122.29
837.663	4219.65
837.874	4236.23
838.085	4256.11
838.297	4293.8
838.508	4376.44
838.719	4413.56
838.93	4450.37
839.141	4526.89
839.353	4555.68
839.564	4597.27
839.775	4624.64
839.986	4700.01
840.197	4760.95
840.409	4817.71
840.62	4858.94
840.831	4934.85
841.042	4970.18
841.253	5075.97
841.465	5126.51
841.676	5162.51
841.887	5260.65
842.098	5336.35
842.309	5373.29
842.52	5450.44
842.732	5529.02
842.943	5577.09
843.154	5646.24
843.365	5756.47
843.576	5807.87
843.787	5904.51
843.998	5959.55
844.209	6011.71
844.421	6099.17
844.632	6125.46
844.843	6267.05
845.054	6323.91
845.265	6340.73
845.476	6440.14
845.687	6501.25
845.898	6610.1
846.109	6673.51
846.321	6740.77
846.532	6783.9
846.743	6876.92
846.954	6950.44
847.165	7023.86
847.376	7101.61
847.587	7183.98
847.798	7209.37
848.009	7302.18
848.22	7429.29
848.431	7472.3
848.642	7568.14
848.853	7658.89
849.064	7711.32
849.276	7745.78
849.487	7812.2
849.698	7917.39
849.909	7990.23
850.12	8088.92
850.331	8164.19
850.542	8252.66
850.753	8400.21
850.964	8425.33
851.175	8563.75
851.386	8680.33
851.597	8815.39
851.808	8876.62
852.019	8972.5
852.23	9080.43
852.441	9211
852.652	9330.77
852.863	9458.51
853.074	9570.35
853.285	9736.85
853.496	9869.84
853.707	9958.85
853.918	10078.7
854.129	10115
854.34	10325
854.551	10501.7
854.761	10661.5
854.972	10682.6
855.183	10824.4
855.394	11003.4
855.605	11118.4
855.816	11284.5
856.027	11342.9
856.238	11519.5
856.449	11689
856.66	11730.4
856.871	11897
857.082	12024.4
857.293	12120.6
857.504	12303
857.714	12413.4
857.925	12591.4
858.136	12661.5
858.347	12868.6
858.558	12904.2
858.769	13035.3
858.98	13151.6
859.191	13395.3
859.401	13497.9
859.612	13633.1
859.823	13792.4
860.034	13823.2
860.245	14020.7
860.456	14160.9
860.667	14306.2
860.878	14555
861.088	14685.5
861.299	14749.6
861.51	14958.7
861.721	15168.6
861.932	15251.6
862.143	15486
862.353	15641
862.564	15900.2
862.775	16010.3
862.986	16107
863.197	16470.8
863.407	16530.3
863.618	16760.1
863.829	16857.9
864.04	17101.6
864.251	17328
864.461	17529
864.672	17768.6
864.883	17846.2
865.094	18163.7
865.304	18318.1
865.515	18527.7
865.726	18623.1
865.937	18860.7
866.148	19043.8
866.358	19160
866.569	19358.6
866.78	19509.6
866.99	19510
867.201	19706
867.412	19703.2
867.623	19735.8
867.833	19958.6
868.044	20112.8
868.255	20141.1
868.466	20282.3
868.676	20200.6
868.887	20420.2
869.098	20448.6
869.308	20495.1
869.519	20402.7
869.73	20476.7
869.94	20504.6
870.151	20470.6
870.362	20428.1
870.573	20405.9
870.783	20371
870.994	20261.4
871.204	20168.4
871.249	20091.1
871.46	19800.5
871.671	19795.4
871.882	19669.7
872.093	19583.5
872.304	19288.8
872.515	19295.2
872.727	19084.4
872.938	18933.7
873.149	18676.6
873.36	18587.6
873.571	18332.4
873.782	18120.6
873.993	17953.3
874.204	17760.1
874.415	17635.2
874.627	17269.1
874.838	17073.5
875.049	16743.7
875.26	16544.7
875.471	16324.8
875.682	16023
875.893	15776.2
876.104	15514.9
876.315	15213.3
876.526	15045.8
876.737	14824.1
876.948	14457
877.159	14248
877.37	13887.6
877.582	13678.1
877.793	13458.6
878.004	13223.7
878.215	12906.1
878.426	12680.5
878.637	12454.8
878.848	12120.2
879.059	11846.4
879.27	11631.7
879.481	11347.9
879.692	10973.8
879.903	10840.9
880.114	10502.3
880.325	10239.6
880.536	10053.4
880.747	9824.31
880.958	9568.28
881.169	9354.59
881.38	9063.13
881.591	8863.18
881.802	8647.25
882.013	8355.51
882.224	8200.51
882.435	7912.69
882.646	7755.6
882.857	7576.62
883.068	7313.62
883.279	7181.75
883.49	7004.45
883.701	6810.9
883.911	6629.01
884.122	6451.81
884.333	6269.79
884.544	6138.39
884.755	5963.3
884.966	5859.44
885.177	5675.78
885.388	5533.17
885.599	5366.95
885.81	5268.23
886.021	5096.56
886.232	4970.43
886.443	4912.96
886.654	4790
886.865	4647.19
887.075	4539.01
887.286	4445.39
887.497	4336.05
887.708	4250.12
887.919	4136.49
888.13	4016.73
888.341	3958.13
888.552	3888.19
888.762	3758.05
888.973	3725.45
889.184	3611.88
889.395	3532.72
889.606	3436.35
889.817	3385.3
890.028	3283.28
890.238	3199.41
890.449	3148.46
890.66	3060.1
890.871	3030.64
891.082	2932.76
891.293	2880.26
891.503	2781.72
891.714	2728.95
891.925	2685.92
892.136	2632.42
892.347	2572.8
892.557	2486.51
892.768	2435.94
892.979	2378.81
893.19	2345.52
893.401	2257.72
893.612	2243.11
893.822	2189.9
894.033	2122.66
894.244	2082.5
894.455	2041.11
894.665	2002.93
894.876	1963.9
895.087	1920.03
895.298	1856.61
895.508	1820.94
895.719	1776.93
895.93	1747.42
896.141	1719.12
896.352	1669.61
896.562	1647.59
896.773	1604.37
896.984	1582.32
897.194	1549.52
897.405	1523.82
897.616	1487.44
897.827	1459.59
898.037	1436.16
898.248	1417.8
898.459	1390.28
898.669	1368.91
898.88	1337.29
899.091	1310.18
899.302	1310.17
899.512	1278.61
899.723	1266.57
899.934	1233.21
900.144	1232.87
900.355	1231.21
900.566	1193.77
900.776	1200.06
900.987	1165.26
901.198	1158.32
901.408	1157.16
901.619	1133.43
901.83	1123.23
902.04	1120.27
902.251	1114.27
902.462	1091.57
902.672	1062.5
902.883	1063.46
903.094	1044.66
903.304	1031.87
903.515	1043.84
903.725	1026.03
903.936	1033.75
904.147	1018.56
904.357	1020.64
904.568	985.342
904.778	998.885
904.989	977.916
905.2	986.177
905.41	981.479
905.621	975.659
905.831	949.689
906.042	957.442
906.252	944.208
906.463	925.683
906.674	937.334
906.884	931.297
907.095	908.172
907.305	902.849
907.516	903.669
907.726	897.605
907.937	888.258
908.147	904.129
908.358	891.004
908.569	889.13
908.779	871.551
908.99	861.06
909.2	876.803
909.411	869.53
909.621	860.037
909.832	851.754
910.042	852.393
910.253	853.364
910.463	851.865
910.674	845.193
910.884	835.997
911.095	830.889
911.305	843.306
911.516	830.638
911.726	825.793
911.937	817.583
912.147	840.802
912.358	831.386
912.568	810.269
912.779	826.089
912.989	832.773
913.199	816.835
913.41	805.757
913.62	820.017
913.831	823.517
914.041	820.135
914.252	787.993
914.462	808.978
914.672	817.784
914.883	813.956
915.093	812.461
915.304	812.355
915.514	809.759
915.725	810.174
915.935	809.106
916.145	809.318
916.356	800.578
916.566	787.129
916.777	806.717
916.987	795.753
917.197	810.172
917.408	802.486
917.618	828.013
917.828	802.914
918.039	809.134
918.249	827.961
918.459	820.54
918.67	818.877
918.88	802.629
919.091	815.876
919.301	808.433
919.511	810.21
919.722	800.595
919.932	820.177
920.142	798.47
920.353	809.195
920.563	804.548
920.773	802.379
920.984	802.357
921.194	800.697
921.404	809.224
921.614	795.089
921.825	797.258
922.035	803.817
922.245	793.98
922.456	800.546
922.666	797.727
922.876	814.526
923.086	789.719
923.297	814.072
923.507	811.274
923.717	814.659
923.927	814.125
924.138	815.884
924.348	796.965
924.558	798.437
924.768	803.694
924.979	810.83
925.189	779.658
925.332	810.402
925.543	809.479
925.754	802.953
925.964	821.868
926.175	803.435
926.386	802.323
926.596	826.014
926.807	810.218
927.018	806.617
927.229	820.486
927.439	817.088
927.65	806.187
927.861	815.225
928.071	839.6
928.282	824.569
928.493	817.202
928.703	820.383
928.914	813.086
929.125	842.346
929.335	821.707
929.546	815.916
929.757	808.097
929.967	843.586
930.178	833.112
930.389	838.366
930.599	833.233
930.81	841.531
931.021	835.379
931.231	833.085
931.442	835.195
931.652	838.776
931.863	848.001
932.074	847.497
932.284	836.468
932.495	836.448
932.706	849.053
932.916	834.793
933.127	845.82
933.337	833.364
933.548	847.313
933.759	863.156
933.969	826.875
934.18	836.537
934.39	828.612
934.601	839.242
934.812	849.357
935.022	855.364
935.233	853.304
935.443	844.197
935.654	846.483
935.864	859.804
936.075	851.4
936.286	859.04
936.496	859.244
936.707	862.695
936.917	850.544
937.128	843.857
937.338	845.26
937.549	842.291
937.759	839.932
937.97	854.258
938.18	861.074
938.391	850.988
938.601	851.624
938.812	855.663
939.022	867.077
939.233	859.039
939.443	852.8
939.654	867.221
939.864	868.198
940.075	872.645
940.285	867.138
940.496	879.772
940.706	874.713
940.917	870.958
941.127	882.475
941.338	854.875
941.548	870.602
941.759	874.009
941.969	862.195
942.18	878.646
942.39	862.299
942.6	850.49
942.811	859.792
943.021	854.157
943.232	874.632
943.442	877.652
943.653	866.309
943.863	873.644
944.073	864.214
944.284	861.242
944.494	885.75
944.705	872.71
944.915	872.356
945.126	886.415
945.336	875.503
945.546	869.771
945.757	858.21
945.967	868.923
946.178	885.839
946.388	887.677
946.598	878.576
946.809	893.822
947.019	898.38
947.229	885.035
947.44	878.344
947.65	885.249
947.86	888.57
948.071	877.843
948.281	887.397
948.492	890.613
948.702	891.837
948.912	885.495
949.123	883.333
949.333	886.213
949.543	886.28
949.754	892.276
949.964	877.265
950.174	878.482
950.385	882.015
950.595	882.682
950.805	884.62
951.016	897.268
951.226	890.694
951.436	886.973
951.646	882.106
951.857	893.75
952.067	899.323
952.277	886.872
952.487	898.868
952.698	891.517
952.908	865.268
953.118	882.292
953.329	884.669
953.539	892.857
953.749	882.87
953.959	893.422
954.17	892.833
954.38	876.917
954.59	879.189
954.8	882.78
955.01	887.018
955.221	881.478
955.431	884.067
955.641	895.357
955.851	886.379
956.062	874.364
956.272	886.91
956.482	887.817
956.692	883.583
956.902	883.163
957.113	882.091
957.323	880.442
957.533	882.995
957.743	881.042
957.953	882.856
958.164	876.027
958.374	876.994
958.584	872.276
958.794	889.822
959.004	875.103
959.214	872.739
959.425	864.131
959.635	865.314
959.845	877.049
960.055	888.237
960.265	874.969
960.475	865.625
960.685	875.402
960.896	860.643
961.106	868.4
961.316	874.683
961.526	872.353
961.736	873.294
961.946	872.321
962.156	879.342
962.366	863.459
962.576	866.71
962.786	857.27
962.997	853.625
963.207	868.267
963.417	861.472
963.627	861.841
963.837	856.314
964.047	858.763
964.257	867.986
964.467	873.546
964.677	849.39
964.887	850.208
965.097	860.972
965.307	857.84
965.517	860.839
965.727	843.776
965.938	857.084
966.147	859.407
966.358	848.527
966.568	841.695
966.778	861.31
966.988	862.86
967.198	853.215
967.408	850.167
967.618	840.665
967.828	861.255
968.038	845.6
968.248	841.988
968.458	837.618
968.668	849.91
968.878	824.943
969.088	836.689
969.297	825.287
969.508	850.282
969.717	848.708
969.927	827.844
970.137	827.781
970.347	835.83
970.557	835.601
970.767	832.216
970.977	823.485
971.187	828.311
971.397	819.992
971.607	812.628
971.817	816.083
972.027	811.643
972.237	822.388
972.447	815.754
972.657	808.075
972.866	820.002
973.076	811.73
973.286	790.186
973.496	815.306
973.706	806.672
973.916	800.442
974.126	803.611
974.336	821.245
974.546	814.175
974.755	815.962
974.965	799.692
975.175	791.036
975.385	809.07
975.595	792.64
975.805	798.32
976.015	802.977
976.224	808.583
976.434	782.578
976.644	795.877
976.854	788.757
977.064	807.125
977.274	776.584
977.483	773.158
977.693	762.673
977.903	783.156
978.113	787.868
978.323	778.855
978.532	785.285
978.742	771.111
978.952	772.459
979.108	761.189
979.318	762.945
979.528	762.081
979.739	749.24
979.949	774.626
980.159	765.51
980.369	765.993
980.58	761.359
980.79	764.691
981	767.848
981.21	773.73
981.421	765.265
981.631	761.564
981.841	761.685
982.052	757.569
982.262	753.141
982.472	754.491
982.682	760.937
982.892	746.922
983.103	754.089
983.313	750.094
983.523	760.544
983.733	743.552
983.944	740.499
984.154	743.397
984.364	726.933
984.574	740.76
984.784	739.504
984.995	730.899
985.205	739.291
985.415	729.521
985.625	733.437
985.836	732.515
986.046	708.654
986.256	709.493
986.466	723.735
986.676	713.423
986.886	723.617
987.097	714.297
987.307	726.909
987.517	707.871
987.727	704.881
987.937	703.781
988.147	695.32
988.358	701.154
988.568	701.218
988.778	687.797
988.988	703.063
989.198	689.662
989.408	686.446
989.618	689.315
989.828	690.32
990.039	691.353
990.249	675.263
990.459	683.256
990.669	688.38
990.879	684.084
991.089	681.679
991.299	678.539
991.509	682.939
991.719	687.142
991.929	671.956
992.14	662.673
992.35	652.823
992.56	662.848
992.77	667.236
992.98	668.742
993.19	658.314
993.4	668.424
993.61	655.146
993.82	650.936
994.03	654.36
994.24	641.186
994.45	651.665
994.66	647.478
994.87	649.846
995.08	646.022
995.29	656.221
995.5	644.693
995.71	642.645
995.92	653.21
996.13	641.103
996.34	635.32
996.55	646.93
996.76	636.581
996.97	630.447
997.18	635.407
997.391	632.01
997.6	637.691
997.81	642.092
998.02	630.337
998.23	626.532
998.44	623.12
998.65	620.729
998.86	625.58
999.07	620.917
999.28	626.051
999.49	620.787
999.7	617.318
999.91	620.866
1000.12	614.54
1000.33	606.524
1000.54	604.949
1000.75	611.7
1000.96	599.096
1001.17	602.596
1001.38	611.899
1001.59	611.092
1001.8	603.43
1002.01	598.813
1002.22	594.324
1002.43	597.868
1002.64	593.233
1002.85	597.021
1003.06	598.707
1003.27	587.562
1003.48	593.215
1003.69	594.667
1003.9	589.571
1004.11	588.315
1004.32	575.664
1004.53	581.017
1004.74	578.709
1004.95	583.348
1005.16	567.209
1005.37	564.612
1005.58	574.471
1005.79	571.943
1006	562.537
1006.21	576.496
1006.42	570.038
1006.63	561.341
1006.84	567.023
1007.05	558.975
1007.26	560.164
1007.47	550.897
1007.68	562.979
1007.89	556.937
1008.1	556.081
1008.3	550.273
1008.51	545.375
1008.72	551.696
1008.93	551.067
1009.14	545.38
1009.35	549.354
1009.56	556.497
1009.77	545.59
1009.98	549.769
1010.19	550.403
1010.4	540.886
1010.61	548.869
1010.82	534.21
1011.03	534.972
1011.24	539.717
1011.45	538.026
1011.66	531.019
1011.87	534.625
1012.08	538.771
1012.29	533.313
1012.5	530.788
1012.71	538.98
1012.92	527.604
1013.13	520.228
1013.34	516.687
1013.55	516.62
1013.76	522.262
1013.97	521.072
1014.18	517.366
1014.39	520.045
1014.6	520.062
1014.81	528.119
1015.02	523.611
1015.23	525.542
1015.44	520.593
1015.65	518.951
1015.86	509.664
1016.06	513.486
1016.27	515.143
1016.48	512.258
1016.69	512.64
1016.9	507.33
1017.11	501.775
1017.32	505.909
1017.53	503.055
1017.74	505.854
1017.95	490.905
1018.16	498.666
1018.37	504.648
1018.58	485.374
1018.79	492.385
1019	499.072
1019.21	498.9
1019.42	490.136
1019.63	483.265
1019.84	491.719
1020.05	490.584
1020.26	487.502
1020.47	487.325
1020.68	492.193
1020.89	485.271
1021.1	480.671
1021.3	474.306
1021.51	486.788
1021.72	486.047
1021.93	473.421
1022.14	483.44
1022.35	467.688
1022.56	479.874
1022.77	480.512
1022.98	475.526
1023.19	471.288
1023.4	477.464
1023.61	481.351
1023.82	471.351
1024.03	470.398
1024.24	458.43
1024.45	478.182
1024.66	479.333
1024.87	469.354
1025.08	470.636
1025.29	467.385
1025.49	465.937
1025.7	455.196
1025.91	457.174
1026.12	454.708
1026.33	455.212
1026.54	472.26
1026.75	452.055
1026.96	457.764
1027.17	453.436
1027.38	471.841
1027.59	455.262
1027.8	459.566
1028.01	453.505
1028.22	452.467
1028.43	463.578
1028.64	463.597
1028.85	444.897
1029.06	452.562
1029.26	443.949
1029.47	448.306
1029.68	452.847
1029.89	443.945
1030.1	453.495
1030.31	448.012
1030.52	440.586
1030.73	452.115
1030.94	443.964
1031.15	447.648
1031.36	444.179
1031.57	440.571
1031.78	446.566
1031.99	441.534
1032.2	423.443
1032.41	432.698
1032.61	446.353
1032.79	437.229
1033	443.937
1033.21	437.466
1033.42	445.7
1033.63	430.122
1033.84	434.854
1034.05	429.224
1034.26	434.121
1034.46	439.13
1034.67	432.201
1034.88	432.717
1035.09	439.754
1035.3	427.918
1035.51	437.66
1035.72	441.99
1035.93	426.265
1036.14	418.796
1036.35	436.919
1036.56	428.659
1036.77	429.079
1036.98	424.676
1037.19	427.678
1037.4	417.824
1037.61	425.37
1037.82	425.282
1038.03	423.876
1038.24	419.809
1038.45	427.171
1038.66	417.922
1038.87	420.881
1039.08	423.892
1039.29	420.158
1039.5	421.162
1039.71	422.808
1039.92	418.095
1040.13	412.608
1040.34	418.07
1040.55	417.996
1040.76	414.414
1040.97	411.719
1041.18	415.686
1041.39	410.474
1041.6	418.083
1041.81	409.94
1042.02	415.033
1042.23	406.978
1042.44	413.017
1042.65	413.243
1042.86	407.519
1043.06	407.443
1043.27	413.729
1043.48	413.406
1043.69	409.05
1043.9	404.695
1044.11	404.544
1044.32	408.798
1044.53	411.95
1044.74	400.722
1044.95	405.752
1045.16	408.023
1045.37	402.063
1045.58	405.458
1045.79	413.347
1046	412.524
1046.21	404.966
1046.42	405.577
1046.63	400.51
1046.84	406.024
1047.05	410.978
1047.26	406.993
1047.47	399.03
1047.68	408.716
1047.89	399.445
1048.1	409.602
1048.31	402.069
1048.52	403.901
1048.73	405.583
1048.93	399.615
1049.14	404.677
1049.35	404.876
1049.56	401.003
1049.77	404.176
1049.98	403.805